407573
2160953
12319459

10850315432251565671




2731163
240219157
94883003
718392151517
44720356735890196633749552281079641




92216791
240219157
94883003
718392151517
1509967655009616219143048587377573037




92216791
240219157
12319459
94883003
718392151517
18601984617217111617467802207205928548826983




204061857299




723976927396731967319576913760317401038460973149671394760913469013461




22799983
2160953
12319459
330454951
270795373237
1700180609
260849
55206559
1329841547096761530157841813825992517523851831682517453575101873




10918474913
10918474913
10918474913
10918474913
14211761882577176547408077585039635589761




71318207813
11247384611
10918474913
8758181640058340640277655505359




103386259831
568713817817
270795373237
718392151517
71318207813
11247384611
10918474913
100178233976541047364059472841578651526103790111124875585160821110044949700497




103386259831
568713817817
270795373237
718392151517
11438245756213127909389742124266013603406772383